
LINE-GROUND and LINE-LINE VOLTAGES BY BUS & NODE

Bus  Node    VLN (kV)   Angle      pu     Base kV    Node-Node   VLL (kV)  Angle      pu

1 .. 1       2.5207 /_    0.0    1.0495     4.160
2 .. 1       2.5207 /_    0.0    1.0495     4.160
3 .. 1       2.4951 /_   -0.4    1.0389     4.160
4 .. 1       2.4949 /_   -0.4    1.0388     4.160
5 .. 1       2.4938 /_   -0.4    1.0383     4.160
6 .. 1       2.4933 /_   -0.4    1.0381     4.160
7 .. 1       2.4927 /_   -0.4    1.0379     4.160
8 .. 1       2.4922 /_   -0.4    1.0376     4.160
9 .. 1       2.4767 /_   -0.7    1.0312     4.160
10 . 1       2.4646 /_   -0.9    1.0262     4.160
11 . 1       2.4634 /_   -0.9    1.0256     4.160
12 . 1       2.4631 /_   -0.9    1.0255     4.160
13 . 1       2.4628 /_   -0.9    1.0254     4.160
14 . 1       2.4643 /_   -0.9    1.0261     4.160
15 . 1        2.447 /_   -1.2    1.0188     4.160
16 . 1       2.4634 /_   -0.9    1.0256     4.160
17 . 1       2.4459 /_   -1.2    1.0184     4.160
18 . 1       2.4451 /_   -1.2     1.018     4.160
19 . 1       2.4455 /_   -1.2    1.0182     4.160
20 . 1       2.4301 /_   -1.4    1.0118     4.160
21 . 1        2.429 /_   -1.4    1.0113     4.160
22 . 1       2.4283 /_   -1.4     1.011     4.160
23 . 1       2.4286 /_   -1.4    1.0112     4.160
24 . 1       2.4275 /_   -1.5    1.0107     4.160
25 . 1       2.4276 /_   -1.5    1.0108     4.160
26 . 1       2.4264 /_   -1.5    1.0103     4.160
27 . 1       2.4267 /_   -1.5    1.0104     4.160
28 . 1       2.4262 /_   -1.5    1.0102     4.160
29 . 1       2.4261 /_   -1.5    1.0101     4.160
30 . 1       2.4263 /_   -1.5    1.0102     4.160
31 . 1       2.4259 /_   -1.5      1.01     4.160
32 . 1       2.4256 /_   -1.5    1.0099     4.160
33 . 1       2.4255 /_   -1.5    1.0099     4.160
34 . 1       2.4251 /_   -1.5    1.0097     4.160
35 . 1       2.4255 /_   -1.5    1.0099     4.160
36 . 1       2.4462 /_   -1.2    1.0185     4.160
119  1       2.4256 /_   -1.5    1.0099     4.160
126  1       2.4634 /_   -0.9    1.0256     4.160
127  1       2.4267 /_   -1.5    1.0104     4.160
117  1        2.447 /_   -1.2    1.0188     4.160
54 . 1       2.4326 /_   -1.4    1.0128     4.160
55 . 1       2.4255 /_   -1.5    1.0099     4.160
56 . 1       2.4212 /_   -1.6    1.0081     4.160
57 . 1        2.421 /_   -1.6     1.008     4.160
58 . 1       2.4209 /_   -1.6     1.008     4.160
59 . 1       2.4093 /_   -1.8    1.0031     4.160
60 . 1       2.4088 /_   -1.8    1.0029     4.160
61 . 1       2.4085 /_   -1.8    1.0028     4.160
62 . 1       2.3845 /_   -2.2    0.9928     4.160
63 . 1       2.3845 /_   -2.2    0.9928     4.160
64 . 1       2.3812 /_   -2.2   0.99142     4.160
65 . 1       2.3791 /_   -2.2   0.99055     4.160
66 . 1       2.3754 /_   -2.2   0.98902     4.160
67 . 1        2.372 /_   -2.2   0.98762     4.160
68 . 1       2.3712 /_   -2.2   0.98727     4.160
122  1       2.3845 /_   -2.2    0.9928     4.160
118  1         2.43 /_   -1.4    1.0118     4.160
37 . 1       2.4246 /_   -1.5    1.0095     4.160
38 . 1       2.4237 /_   -1.5    1.0091     4.160
39 . 1        2.423 /_   -1.5    1.0089     4.160
40 . 1       2.4232 /_   -1.5    1.0089     4.160
41 . 1       2.4228 /_   -1.5    1.0088     4.160
42 . 1       2.4215 /_   -1.5    1.0082     4.160
43 . 1       2.4212 /_   -1.5    1.0081     4.160
44 . 1       2.4185 /_   -1.6     1.007     4.160
45 . 1       2.4174 /_   -1.6    1.0065     4.160
46 . 1       2.4163 /_   -1.6     1.006     4.160
47 . 1       2.4159 /_   -1.6    1.0059     4.160
48 . 1       2.4155 /_   -1.6    1.0057     4.160
49 . 1       2.4137 /_   -1.7     1.005     4.160
50 . 1        2.413 /_   -1.7    1.0047     4.160
51 . 1       2.4127 /_   -1.7    1.0046     4.160
52 . 1       2.4125 /_   -1.7    1.0045     4.160
53 . 1       2.4124 /_   -1.7    1.0044     4.160
120  1       2.4124 /_   -1.7    1.0044     4.160
125  1       2.3845 /_   -2.2   0.99279     4.160
128  1       2.3845 /_   -2.2   0.99279     4.160
69 . 1       2.3754 /_   -2.3   0.98903     4.160
70 . 1       2.3741 /_   -2.4   0.98847     4.160
71 . 1       2.3725 /_   -2.4   0.98783     4.160
72 . 1       2.3715 /_   -2.4   0.98737     4.160
73 . 1       2.3708 /_   -2.4   0.98712     4.160
74 . 1        2.371 /_   -2.4   0.98719     4.160
75 . 1       2.3692 /_   -2.4   0.98642     4.160
76 . 1       2.3676 /_   -2.4   0.98577     4.160
77 . 1       2.3667 /_   -2.5   0.98539     4.160
78 . 1       2.3682 /_   -2.5   0.98603     4.160
79 . 1       2.3665 /_   -2.5   0.98533     4.160
80 . 1       2.3662 /_   -2.5   0.98519     4.160
81 . 1        2.366 /_   -2.5   0.98512     4.160
82 . 1       2.3649 /_   -2.5   0.98464     4.160
83 . 1       2.3645 /_   -2.5   0.98449     4.160
84 . 1       2.3643 /_   -2.5   0.98438     4.160
85 . 1       2.3642 /_   -2.5   0.98434     4.160
86 . 1       2.3622 /_   -2.5   0.98354     4.160
87 . 1       2.3612 /_   -2.6   0.98309     4.160
88 . 1       2.3651 /_   -2.5   0.98471     4.160
89 . 1       2.3632 /_   -2.6   0.98393     4.160
90 . 1       2.3628 /_   -2.6   0.98376     4.160
91 . 1       2.3624 /_   -2.6   0.98361     4.160
92 . 1       2.3619 /_   -2.6    0.9834     4.160
93 . 1       2.3619 /_   -2.6   0.98341     4.160
94 . 1       2.3613 /_   -2.6   0.98313     4.160
95 . 1       2.3616 /_   -2.6   0.98328     4.160
96 . 1        2.361 /_   -2.6   0.98303     4.160
97 . 1       2.3614 /_   -2.6    0.9832     4.160
98 . 1       2.3612 /_   -2.6    0.9831     4.160
99 . 1       2.3735 /_   -2.4   0.98823     4.160
100  1       2.3729 /_   -2.4     0.988     4.160
101  1       2.3722 /_   -2.4   0.98768     4.160
102  1        2.372 /_   -2.4   0.98759     4.160
103  1       2.3721 /_   -2.4   0.98765     4.160
104  1       2.3709 /_   -2.4   0.98713     4.160
105  1       2.3694 /_   -2.4   0.98652     4.160
106  1       2.3678 /_   -2.4   0.98587     4.160
107  1       2.3711 /_   -2.4   0.98722     4.160
108  1       2.3701 /_   -2.4    0.9868     4.160
109  1       2.3688 /_   -2.4   0.98626     4.160
110  1       2.3703 /_   -2.4   0.98689     4.160
111  1       2.3668 /_   -2.5   0.98542     4.160
112  1       2.3651 /_   -2.5   0.98472     4.160
113  1       2.3644 /_   -2.5   0.98445     4.160
114  1       2.3645 /_   -2.5   0.98448     4.160
115  1       2.3627 /_   -2.5   0.98374     4.160
116  1       2.3624 /_   -2.5   0.98359     4.160
124  1       2.3735 /_   -2.4   0.98823     4.160
123  1        2.372 /_   -2.4   0.98759     4.160
121  1       2.3703 /_   -2.4   0.98689     4.160
